198
51
68
175
121
6
154
152
25
148
194
65
94
168
94
137
153
44
139
59
179
155
187
168
64
160
146
64
114
77
101
40
73
138
185
65
33
134
27
197
80
106
146
188
186
57
120
135
41
132
68
188
114
176
137
147
71
63
50
101
120
5
37
58
51
102
53
40
10
51
165
158
115
18
175
27
82
187
8
32
181
60
171
122
44
152
125
81
176
128
104
14
146
122
46
112
160
32
1
96
42
148
170
159
66
15
49
9
78
54
192
77
169
148
29
68
104
67
164
86
6
25
35
148
112
29
76
110
188
101
60
62
189
186
67
93
41
115
69
3
119
163
122
61
189
16
146
83
81
86
89
11
159
116
109
88
199
122
93
126
96
160
195
8
172
142
94
175
123
27
44
112
24
0
80
118
185
178
131
51
38
183
150
53
198
67
87
69
56
194
71
154
19
180
83
52
195
180
118
173
154
164
113
100
83
63
145
126
73
26
129
124
104
114
14
153
48
27
63
172
13
26
15
155
57
0
114
159
120
54
9
200
162
22
118
162
46
28
34
104
134
69
190
84
79
27
178
188
16
42
54
110
53
198
143
16
76
174
8
137
79
112
77
110
121
196
35
133
148
160
68
18
31
96
93
154
29
81
138
185
169
56
180
50
45
80
91
179
111
134
2
27
71
108
34
102
193
165
146
105
74
140
4
182
173
192
123
1
97
10
33
119
149
97
94
0
113
33
111
19
172
20
40
132
168
170
9
119
96
125
63
1
190
22
197
47
159
135
102
153
79
152
1
100
164
100
158
7
51
16
86
69
31
57
1
184
114
32
169
48
131
139
111
4
131
58
36
11
138
4
152
162
50
35
5
194
191
81
64
165
135
187
106
196
33
157
66
160
110
24
81
112
144
175
136
119
198
105
127
15
48
158
124
29
156
179
33
190
164
154
6
17
86
86
82
9
89
143
153
90
41
62
137
93
175
103
95
12
153
7
86
141
182
63
191
2
5
103
86
47
11
135
116
145
118
53
146
63
77
118
79
42
46
59
153
104
18
77
76
193
39
187
154
15
6
73
31
170
83
114
178
42
3
126
33
168
98
23
49
65
52
89
1
124
143
123
147
11
38
143
80
196
162
92
197
16
148
34
58
68
135
116
153
19
199
117
113
168
168
123
160
56
29
143
176
91
14
152
180
8
178
46
17
21
93
130
85
55
20
88
194
73
175
6
68
143
17
5
39
43
136
73
65
22
199
70
191
149
12
46
110
57
133
22
142
105
83
133
124
194
185
74
75
8
94
84
1
148
47
170
7
162
84
189
174
100
110
161
146
137
154
84
32
39
183
6
197
125
40
105
19
36
191
119
74
130
47
25
47
84
39
90
131
123
163
179
106
156
94
181
66
144
133
154
38
1
162
21
63
199
150
50
112
126
139
47
61
159
51
106
116
170
123
140
52
171
182
144
111
13
41
4
84
92
105
133
65
114
90
183
139
103
61
171
154
158
110
174
40
43
11
5
141
152
200
180
118
191
21
181
43
38
12
1
70
169
100
85
47
99
143
108
131
38
88
58
116
163
151
112
131
176
78
193
83
129
127
176
3
119
44
181
195
133
44
19
187
184
11
81
145
37
65
101
70
62
26
101
189
121
80
165
168
200
87
118
100
135
138
178
103
129
71
18
52
144
126
18
143
200
0
169
140
125
173
158
117
76
125
73
179
152
75
132
103
196
132
41
186
160
31
131
126
37
193
184
146
76
34
34
145
123
106
2
35
127
161
178
130
13
115
154
120
126
93
99
16
98
186
8
150
123
184
77
97
118
166
142
10
54
107
15
127
102
29
23
42
138
70
145
107
68
191
115
56
48
58
64
98
68
83
62
19
102
124
150
164
66
17
150
199
174
43
189
146
136
140
76
195
199
138
142
150
66
8
109
52
73
49
93
63
129
124
36
37
104
171
173
197
41
47
79
88
44
122
84
174
55
74
192
152
95
143
144
79
77
108
94
193
101
137
164
136
137
90
154
64
97
194
78
178
34
25
175
70
45
189
115
93
140
142
188
186
164
53
16
49
18
86
25
183
167
147
150
70
196
19
49
194
169
39
69
16
82
182
86
159
91
49
4
119
116
121
93
189
68
199
118
120
56
8
34
143
59
68
2
131
50
24
131
114
176
119
66
128
68
19
44
189
29
88
149
175
152
59
112
75
38
72
114
71
189
20
66
16
109
72
182
105
85
86
4
154
106
15
62
59
120
115
92
1
65
51
62
111
64
66
61
166
20
144
153
6
69
118
48
155
181
91
36
102
146
48
84
49
87
82
163
64
7
107
54
75
142
66
129
87
102
130
133
18
133
47
73
144
179
190
107
144
97
32
5
142
99
37
161
160
0
40
149
125
145
102
152
90
148
10
46
190
166
100
120
195
14
189
12
19
66
170
158
176
10
159
21
170
68
32
24
60
64
174
114
142
183
79
195
155
112
147
190
19
200
95
21
81
59
145
8
94
98
70
110
66
34
118
123
44
25
90
66
149
40
142
30
132
32
90
199
198
14
93
39
96
190
110
11
82
12
48
177
142
106
179
71
56
7
113
28
149
176
135
59
36
44
169
170
24
27
49
157
157
170
42
164
64
169
195
62
27
139
10
140
52
154
47
144
191
119
127
152
180
162
160
179
154
121
56
97
74
165
139
73
199
35
169
24
79
8
86
151
149
77
121
13
50
150
86
11
150
111
104
7
164
96
22
186
157
66
160
75
58
74
14
132
102
33
189
187
19
27
173
35
114
182
17
194
54
51
191
170
14
58
156
0
23
110
56
51
114
21
17
57
65
28
197
120
72
97
6
97
83
191
117
75
198
174
121
194
127
50
116
96
98
184
172
25
24
184
62
115
117
74
126
84
102
150
82
14
117
134
97
97
177
101
60
19
105
101
20
0
29
197
81
64
132
50
6
73
137
152
106
136
68
41
161
100
103
200
122
184
87
171
87
34
147
7
197
10
150
164
59
96
57
173
188
138
58
166
72
38
58
83
120
48
102
98
153
138
118
193
48
193
23
196
193
29
131
3
2
191
68
111
171
70
9
104
0
184
46
192
165
90
195
90
116
192
154
164
119
128
102
169
63
2
16
131
176
120
13
28
18
88
12
15
44
196
14
166
145
58
76
121
42
111
79
140
159
88
197
89
28
91
154
30
21
159
150
48
193
21
172
59
44
28
157
119
137
35
119
172
121
3
155
91
33
61
159
23
199
65
6
74
24
136
66
113
68
17
140
161
147
145
128
120
166
139
96
195
84
55
85
191
96
66
100
188
34
1
2
191
45
41
186
73
26
84
171
0
3
112
119
15
123
3
100
86
121
118
37
150
78
13
196
118
121
86
158
45
109
85
100
141
178
122
163
167
118
27
98
119
101
173
31
123
166
195
34
57
128
88
13
56
85
161
51
100
86
83
187
25
92
168
51
192
147
9
162
195
139
171
17
136
97
132
52
123
99
14
198
200
71
138
70
112
43
33
168
140
179
98
60
54
189
188
184
133
167
7
57
131
123
1
8
162
0
108
169
6
110
53
177
111
99
163
81
69
56
76
189
64
34
134
78
185
164
180
143
183
124
3
114
95
51
98
61
162
98
18
179
100
154
193
66
28
36
60
120
13
0
14
67
152
171
5
154
23
168
68
86
4
173
81
32
150
81
146
94
135
134
172
118
81
154
8
93
45
172
104
106
195
115
76
80
127
170
119
25
116
96
89
98
107
145
121
123
105
145
113
150
120
120
63
25
167
1
169
195
87
60
167
153
179
9
177
19
156
76
79
40
152
39
147
170
49
121
196
124
114
125
65
170
7
147
196
161
127
158
37
33
133
132
127
3
97
59
134
7
49
20
67
177
167
33
54
25
13
71
169
177
70
99
164
39
134
160
57
5
56
58
75
181
194
80
45
20
12
19
51
65
62
178
81
22
142
105
122
102
53
21
99
62
12
90
58
138
72
191
126
67
15
105
33
137
141
71
170
182
142
5
125
148
94
11
96
189
194
28
146
157
44
75
48
168
125
101
99
190
39
120
85
55
190
57
161
116
73
139
164
90
35
99
54
129
82
43
83
99
191
157
14
57
121
191
58
94
140
105
123
9
104
120
5
115
123
58
185
51
143
180
61
162
193
159
18
192
11
72
12
8
143
19
120
200
44
17
166
77
117
35
68
150
172
6
150
195
96
12
147
195
145
173
104
25
54
6
110
42
115
160
45
169
6
95
134
99
42
45
17
157
74
6
159
80
197
87
177
75
134
194
169
118
108
150
129
146
11
29
94
107
66
36
140
77
70
53
31
180
162
61
28
194
170
90
117
181
165
119
139
148
0
47
75
109
123
20
153
190
191
197
41
135
174
97
46
33
184
118
85
195
111
98
33
78
111
132
161
163
119
142
81
29
16
180
179
174
106
168
198
49
60
25
115
186
6
22
96
158
123
85
53
10
34
73
38
104
135
144
191
42
140
61
41
141
31
180
82
47
35
29
78
39
50
28
171
39
167
141
40
189
26
117
182
14
128
168
61
198
34
107
24
162
159
47
55
143
44
194
91
174
108
125
4
85
107
61
162
4
98
60
199
87
153
151
34
114
16
25
102
101
147
180
148
180
142
139
152
99
10
139
3
111
193
32
173
140
149
160
127
89
101
60
100
35
131
89
39
125
183
163
157
159
139
75
152
83
106
42
152
98
4
98
100
151
185
11
176
165
14
138
8
39
100
84
60
22
116
4
137
2
148
169
15
161
37
85
125
158
101
147
65
47
64
139
167
90
23
176
3
151
103
157
29
111
76
142
186
73
7
135
158
0
70
105
69
99
12
68
39
30
28
89
98
65
162
74
87
56
100
120
37
104
150
169
120
78
57
117
198
14
58
88
25
102
169
86
91
182
157
44
172
29
41
195
63
106
20
102
18
80
47
99
53
38
24
76
98
40
109
155
176
104
55
42
157
3
89
105
56
44
136
13
87
12
122
38
151
123
98
186
37
127
131
41
25
6
165
162
79
2
138
85
24
6
132
151
63
126
131
29
131
146
141
136
43
154
105
81
147
104
6
59
95
70
77
142
107
63
128
68
59
98
105
182
29
22
166
118
140
3
35
184
75
146
108
152
194
138
63
46
41
40
94
9
36
108
42
61
60
92
32
23
152
185
198
15
67
55
189
35
98
96
181
166
41
136
124
152
184
177
114
117
5
163
49
117
17
157
38
140
36
191
127
5
139
28
65
0
14
31
154
154
128
169
199
50
175
28
12
11
153
4
33
153
12
96
116
13
73
47
105
172
179
73
16
168
112
115
196
38
141
103
179
95
104
125
158
166
23
148
144
173
139
66
11
92
32
106
70
110
138
134
150
34
24
76
35
34
51
48
104
88
101
34
110
50
20
173
174
122
114
34
35
34
67
122
113
125
11
63
44
174
30
86
93
65
107
156
76
102
34
167
182
187
156
5
151
172
141
38
5
194
180
61
144
179
159
65
26
121
111
66
102
151
78
94
130
72
152
84
166
21
29
102
29
24
148
23
43
196
32
178
59
113
143
4
69
148
132
99
94
8
75
16
59
155
95
66
74
130
75
52
77
29
97
21
119
177
131
111
64
10
159
150
178
108
122
70
161
61
189
145
88
199
43
56
67
64
184
25
200
187
194
76
133
127
191
12
145
84
133
104
46
91
72
49
52
46
22
69
104
193
45
38
48
159
150
135
32
131
151
128
16
55
16
181
185
71
161
71
63
45
184
66
162
62
24
81
11
79
147
55
134
198
82
149
37
32
119
12
193
174
88
29
76
25
33
16
50
3
159
113
62
43
111
72
126
134
157
164
39
25
199
70
28
92
6
151
166
22
73
82
140
178
182
119
187
35
150
49
62
22
9
182
174
118
136
18
3
71
104
145
157
172
65
6
100
70
187
39
195
21
125
155
200
98
121
96
190
120
47
168
126
12
53
30
81
184
57
27
186
19
193
186
23
72
30
145
23
88
113
133
120
162
188
46
56
60
77
181
164
159
12
73
71
3
113
141
105
17
96
28
28
84
47
167
152
155
175
8
4
73
149
69
199
71
162
2
121
161
125
115
48
114
120
93
84
14
104
105
14
77
37
172
24
146
188
82
97
107
171
126
187
118
160
200
105
24
135
92
165
53
23
159
9
8
34
162
81
17
44
30
20
80
82
34
0
45
22
61
49
87
82
55
73
80
112
195
181
185
10
187
84
180
30
87
73
150
21
49
130
168
32
158
170
12
18
4
137
4
54
129
52
131
172
158
103
2
50
48
199
165
61
194
133
132
101
197
99
89
139
129
47
174
74
32
166
128
21
93
163
2
83
42
189
139
93
27
55
83
130
75
176
59
166
32
106
79
76
103
192
65
40
1
179
132
59
123
156
158
62
124
134
197
4
81
186
73
92
69
61
90
183
95
176
31
4
33
145
160
99
134
103
175
164
83
33
83
177
22
115
91
117
147
65
104
197
35
14
170
11
110
189
163
147
60
109
106
30
160
123
78
1
153
17
197
148
10
52
63
109
32
72
190
140
33
111
20
145
15
95
141
86
2
52
7
51
35
130
182
102
183
70
113
104
118
186
168
28
39
10
54
26
184
108
193
90
56
167
197
22
55
77
149
142
198
11
100
13
5
24
18
78
94
153
104
29
132
77
199
28
39
52
20
200
15
139
97
117
125
72
66
93
104
68
48
3
194
164
87
56
81
35
61
5
113
89
65
96
190
19
54
173
112
43
95
197
198
118
169
165
160
10
25
118
26
18
145
87
75
156
180
80
76
44
8
116
63
129
173
110
34
183
196
62
153
199
168
63
110
52
143
161
104
114
36
157
9
112
18
5
174
181
165
93
140
180
36
46
200
78
184
171
96
172
126
117
105
87
112
158
46
191
36
47
114
52
35
149
158
180
118
153
26
166
189
191
122
10
179
28
192
75
10
72
152
55
33
128
112
4
164
119
34
23
120
143
167
41
122
143
96
109
160
138
193
192
180
159
9
143
147
77
125
8
141
102
75
121
173
93
142
5
119
84
10
85
131
163
66
44
173
71
175
10
133
148
42
78
11
91
97
46
120
8
100
112
32
45
78
116
57
198
176
84
162
86
25
162
95
18
17
160
26
164
42
59
89
160
178
193
156
160
4
8
150
31
50
165
108
183
75
31
77
32
22
171
28
50
68
66
80
21
62
35
89
146
87
59
154
167
6
38
31
36
62
185
146
149
117
73
166
77
106
92
97
163
107
150
26
195
18
70
48
66
53
58
135
34
10
59
122
129
170
66
33
86
124
160
101
158
62
115
159
196
136
173
40
160
71
39
38
29
101
87
10
42
60
172
122
133
24
160
54
17
111
77
132
172
169
163
58
38
65
85
26
93
33
191
103
192
173
11
112
161
39
61
60
45
174
54
160
56
71
102
74
193
104
2
47
36
81
77
146
192
131
138
65
27
197
111
148
13
92
180
60
92
91
3
148
142
102
115
125
99
0
69
190
5
33
134
90
141
73
13
155
177
71
166
140
137
147
143
113
172
128
193
77
10
22
144
104
23
177
130
82
47
191
83
60
9
17
90
132
14
74
143
146
172
124
10
95
62
111
127
193
12
199
54
114
12
119
170
20
145
140
11
46
196
131
22
29
140
175
51
1
95
134
67
41
144
154
50
128
138
46
160
61
75
37
101
85
68
190
17
64
171
166
3
10
118
38
198
97
128
47
120
116
113
17
40
48
49
27
7
19
187
17
180
59
94
0
20
95
60
163
55
58
157
29
107
128
87
35
173
143
115
8
163
47
84
3
156
21
41
45
159
113
134
21
164
194
190
62
47
196
157
85
92
112
151
134
69
130
78
182
139
99
15
36
180
140
132
105
151
106
62
112
106
113
191
161
142
144
83
17
151
16
18
109
3
189
197
110
164
115
137
33
158
189
144
127
115
107
58
43
7
102
60
164
19
108
60
63
182
48
85
74
48
163
199
127
84
126
133
189
26
148
31
85
103
79
10
114
53
28
165
54
156
73
156
150
187
150
150
80
186
130
108
58
5
193
148
135
80
37
187
35
23
57
3
145
122
132
122
22
37
163
56
102
63
176
85
35
58
47
151
73
125
68
48
20
22
49
12
53
190
89
185
124
76
55
199
127
190
156
180
119
37
126
20
66
46
3
165
18
20
191
58
24
185
16
1
31
46
29
32
126
39
132
139
156
42
106
49
82
120
42
63
76
172
105
35
137
53
48
114
90
200
145
149
33
14
190
52
170
176
11
128
96
118
73
66
43
124
150
84
171
184
146
67
189
114
61
187
42
93
49
32
86
83
20
199
132
102
87
88
147
41
35
137
50
141
100
172
121
66
98
129
74
87
84
67
177
63
119
37
10
6
29
34
47
78
118
80
47
178
56
183
90
24
106
165
186
82
63
51
144
169
24
98
185
189
155
135
164
175
170
63
198
83
61
4
37
150
104
153
47
10
135
7
129
51
13
34
4
143
75
104
85
57
181
4
26
75
121
137
111
143
81
15
74
54
113
40
133
7
198
82
103
21
10
14
33
185
103
49
147
185
129
108
126
107
178
154
36
191
8
133
181
5
81
154
29
103
196
25
41
102
10
14
115
78
49
75
176
36
85
5
161
101
77
45
87
52
7
142
167
20
118
178
167
150
179
18
183
36
4
26
73
23
105
194
97
81
85
31
164
167
50
198
116
34
51
97
190
149
14
62
95
94
21
122
74
99
140
46
154
128
102
125
172
111
15
162
178
177
19
128
13
65
49
19
200
170
35
21
82
11
122
97
7
178
145
199
130
127
99
186
90
78
109
183
90
50
50
151
18
166
21
9
149
183
109
139
125
136
107
186
31
190
14
133
24
89
0
46
177
42
170
50
61
46
133
56
6
56
90
82
182
75
133
97
39
104
18
146
109
8
184
143
125
184
166
135
175
85
161
99
85
11
21
173
57
18
131
0
107
108
166
186
165
195
64
23
152
154
141
96
96
104
73
42
58
33
192
176
1
74
70
169
134
127
106
161
174
37
139
55
15
116
101
164
169
45
191
7
179
7
0
158
161
181
45
33
155
123
89
13
177
192
34
82
26
37
34
125
34
180
64
66
157
130
72
34
124
196
153
63
24
85
101
187
73
40
33
38
163
178
29
99
87
36
38
42
81
134
185
68
189
184
80
66
178
158
26
93
79
57
74
193
29
146
107
136
137
132
45
200
30
77
142
187
40
39
126
53
34
149
115
91
86
3
24
84
151
142
86
133
198
84
128
198
142
100
52
44
175
151
156
35
144
29
133
119
56
77
23
114
51
161
142
180
109
65
3
134
166
166
134
49
161
177
174
76
118
183
148
49
128
31
113
66
97
197
65
26
78
73
110
16
104
186
154
17
162
18
1
32
123
63
27
18
171
79
125
12
155
2
156
179
42
150
127
4
105
82
192
145
171
195
42
148
184
190
10
187
49
171
66
192
156
14
195
124
155
178
182
191
51
80
23
168
102
129
82
149
4
135
111
188
111
41
146
81
115
79
131
159
117
63
110
14
196
129
23
128
143
105
194
183
32
110
62
19
1
40
121
1
48
145
4
182
2
71
10
191
119
112
122
95
8
79
116
90
19
74
82
97
103
128
89
166
135
105
152
64
146
188
71
61
102
41
21
33
62
187
97
45
56
75
133
55
108
57
140
12
197
57
99
193
105
175
64
93
31
37
140
93
77
131
15
8
64
112
70
143
19
114
139
2
191
114
110
196
99
73
107
164
132
31
169
64
151
200
183
130
192
15
42
14
46
58
115
121
43
169
45
16
139
48
134
14
13
108
147
156
192
41
3
126
42
79
163
48
149
13
181
22
116
98
38
20
10
23
189
82
163
185
189
45
191
14
147
29
32
88
110
85
122
133
93
62
171
52
122
200
136
61
57
111
128
74
96
193
69
105
138
150
174
67
126
106
68
81
116
193
178
20
45
12
126
151
105
137
168
124
48
37
71
35
84
143
154
100
124
121
28
32
117
194
35
73
44
191
185
166
46
35
187
16
160
70
179
147
26
119
112
21
118
191
14
82
196
44
156
53
26
73
12
183
169
56
143
191
110
162
66
25
12
89
35
145
27
72
164
14
135
151
92
11
74
187
161
170
13
141
103
168
55
17
63
165
181
3
89
167
46
192
169
65
152
73
94
0
192
141
84
88
163
180
22
107
25
29
18
132
198
152
186
9
46
24
143
44
131
69
100
88
147
139
51
128
87
102
170
125
162
83
61
159
111
149
36
70
53
32
15
29
106
190
20
106
187
38
139
126
54
84
16
177
83
161
8
105
86
90
81
16
31
0
141
51
48
189
82
193
16
195
93
182
152
167
35
111
57
117
52
151
59
88
99
7
84
104
45
130
105
142
73
100
45
88
77
28
126
25
131
121
120
15
127
135
9
177
76
30
182
5
199
122
119
102
21
98
150
110
80
183
158
145
193
157
22
43
150
6
143
186
169
50
159
80
86
102
42
115
11
16
73
135
16
61
78
144
85
109
60
13
156
76
131
7
127
110
154
44
164
144
186
174
196
103
88
68
84
110
60
74
125
158
199
38
59
62
51
27
2
36
151
146
43
88
184
197
166
13
197
167
27
44
194
109
48
155
33
161
139
57
163
133
126
95
1
143
13
35
15
152
108
31
132
127
13
120
134
3
19
86
78
189
179
149
189
87
161
31
80
27
190
74
97
164
138
4
92
164
61
150
28
119
157
186
80
81
70
123
79
90
31
73
86
176
169
142
55
4
1
88
100
32
92
130
101
41
99
7
50
114
125
21
2
121
122
133
44
12
127
95
178
133
143
69
93
79
73
166
147
153
50
34
122
28
31
40
62
23
172
171
26
97
34
103
124
146
190
53
31
28
31
75
60
187
130
122
127
164
86
186
81
11
0
121
138
171
93
72
152
176
134
114
131
124
138
85
61
178
171
68
38
124
123
154
22
106
185
3
191
165
111
31
158
65
181
139
125
105
101
134
199
137
184
185
55
74
105
119
126
181
97
42
4
195
87
45
36
137
104
52
52
124
181
162
125
175
128
29
17
170
185
173
104
163
142
83
53
142
128
181
117
127
9
183
58
23
114
136
138
127
121
127
50
180
44
79
22
17
186
71
124
197
199
179
42
83
47
55
142
9
110
107
101
184
179
48
89
86
119
28
34
100
83
46
94
161
163
141
140
37
142
94
109
111
110
191
45
129
145
76
117
47
78
168
7
99
83
127
161
166
121
190
93
89
50
172
60
190
126
142
44
97
188
59
26
136
9
84
28
133
116
90
